1
0 -1 0 9
2
-1 -2 1 2
5
-1 -1 5 6; 0 -1 5 10
6
1 -1 9 10
16
0 -2 2 10; -1 -2 3 5 ; 0 -1 8 11   ;   -1 -1 0 4
17
-1 0 7 9
18
-2 -1 1 2
19
-2 0 6 10
22
-3 0 4 5 ; -2 0 0 11
23
-2 1 3 7
29
-1 2 8 9 ; -2 1 2 6 ; -2 0 1 2
32
-1 1 0 9 ; -1 2 2 7
33
0 3 4 9
34
1 3 9 11
35
0 2 2 5
36
1 2 2 10
39
2 3 8 9 ; 1 2 3 7
40
1 1 0 10
43
0 1 4 5; 1 1 6 11
44
1 0 1 2
59
2 1 8 9 ; 1 0 0 3 ; 1 1 5 7; 2 1 10 11; 1 1 2 4
212
2 2 9 11 ;1 2 4 8; 0 1 3 8; -1 0 3 11; -2 0 3 4; -1 1 8 10; -2 1 4 5; -1 1 6 11; -1 0 0 1; -1 1 5 7; 0 1 9 10; -1 0 2 10; -2 0 5 7; -2 -1 0 3; -1 0 6 8; -1 -1 1 10; -2 -1 5 8
213
-3 -2 3 5
216
-2 -2 0 10; -2 -1 7 10
222
-3 -1 4 5; -2 -1 4 11; -1 -1 2 11
